function dq = odefun(t,in2,u1)
%ODEFUN
%    DQ = ODEFUN(T,IN2,U1)

%    This function was generated by the Symbolic Math Toolbox version 8.5.
%    25-Apr-2023 20:58:19

q2 = in2(2,:);
q3 = in2(3,:);
q4 = in2(4,:);
dq = [q2;q3.*(-1.184532517381258e+1)+u1.*9.847679910231841;q4;q3.*6.950084599186049-u1.*1.086490776818652];
